8 3 4
1 5 9
6 7 2 

8 1 6 
3 5 7 
4 9 2 

16 2 3 13
5 11 10 8
9 7 6 12
4 14 15 1

16 5 9 4 
2 11 7 14 
3 10 6 15 
13 8 12 1 

11 18 25 2 9
10 12 19 21 3
4 6 13 20 22
23 5 7 14 16
17 24 1 8 15

11 10 4 23 17 
18 12 6 5 24 
25 19 13 7 1 
2 21 20 14 8 
9 3 22 16 15 

35 26 1 19 6 24
8 17 28 10 33 15
3 21 32 23 7 25
30 12 5 14 34 16
31 22 9 27 2 20
4 13 36 18 29 11

35 8 3 30 31 4 
26 17 21 12 22 13 
1 28 32 5 9 36 
19 10 23 14 27 18 
6 33 7 34 2 29 
24 15 25 16 20 11 

22 31 40 49 2 11 20
21 23 32 41 43 3 12
13 15 24 33 42 44 4
5 14 16 25 34 36 45
46 6 8 17 26 35 37
38 47 7 9 18 27 29
30 39 48 1 10 19 28

22 21 13 5 46 38 30 
31 23 15 14 6 47 39 
40 32 24 16 8 7 48 
49 41 33 25 17 9 1 
2 43 42 34 26 18 10 
11 3 44 36 35 27 19 
20 12 4 45 37 29 28 

64 2 3 61 60 6 7 57
9 55 54 12 13 51 50 16
17 47 46 20 21 43 42 24
40 26 27 37 36 30 31 33
32 34 35 29 28 38 39 25
41 23 22 44 45 19 18 48
49 15 14 52 53 11 10 56
8 58 59 5 4 62 63 1

64 9 17 40 32 41 49 8 
2 55 47 26 34 23 15 58 
3 54 46 27 35 22 14 59 
61 12 20 37 29 44 52 5 
60 13 21 36 28 45 53 4 
6 51 43 30 38 19 11 62 
7 50 42 31 39 18 10 63 
57 16 24 33 25 48 56 1 

37 48 59 70 81 2 13 24 35
36 38 49 60 71 73 3 14 25
26 28 39 50 61 72 74 4 15
16 27 29 40 51 62 64 75 5
6 17 19 30 41 52 63 65 76
77 7 18 20 31 42 53 55 66
67 78 8 10 21 32 43 54 56
57 68 79 9 11 22 33 44 46
47 58 69 80 1 12 23 34 45

37 36 26 16 6 77 67 57 47 
48 38 28 27 17 7 78 68 58 
59 49 39 29 19 18 8 79 69 
70 60 50 40 30 20 10 9 80 
81 71 61 51 41 31 21 11 1 
2 73 72 62 52 42 32 22 12 
13 3 74 64 63 53 43 33 23 
24 14 4 75 65 55 54 44 34 
35 25 15 5 76 66 56 46 45

92 67 99 74 1 51 8 58 15 40
17 42 24 49 76 26 83 33 90 65
98 73 80 55 7 57 14 64 16 41
23 48 5 30 82 32 89 39 91 66
4 54 81 56 88 63 20 70 22 47
79 29 6 31 13 38 95 45 97 72
85 60 87 62 19 69 21 71 3 28
10 35 12 37 94 44 96 46 78 53
86 61 93 68 25 75 2 52 9 34
11 36 18 43 100 50 77 27 84 59

92 17 98 23 4 79 85 10 86 11 
67 42 73 48 54 29 60 35 61 36 
99 24 80 5 81 6 87 12 93 18 
74 49 55 30 56 31 62 37 68 43 
1 76 7 82 88 13 19 94 25 100 
51 26 57 32 63 38 69 44 75 50 
8 83 14 89 20 95 21 96 2 77 
58 33 64 39 70 45 71 46 52 27 
15 90 16 91 22 97 3 78 9 84 
40 65 41 66 47 72 28 53 34 59 
